/tools/nvidia/NVIDIA-Nsight-Graphics-2024.2/host/linux-desktop-nomad-x64/ngfx --activity="GPU Trace Profiler" --exe=/home/nisarg/projects/vulkan_prof/vkgs/build/vkgs_viewer --args="-i /home/nisarg/data/trex/point_cloud/iteration_30000/point_cloud.ply -v -0.44923099875450134 -0.8934155702590942 6.633839588765511e-10 2.58738822367377e-07 -0.6829999089241028 0.34342890977859497 0.6446454524993896 -3.4416541438986314e-07 -0.5759363174438477 0.28959473967552185 -0.764481782913208 -50.000003814697266 0.0 0.0 0.0 1.0 -p 2.34375 0.0 0.0 0.0 0.0 4.166666507720947 0.0 0.0 0.0 0.0 -1.0002000331878662 -1.0 0.0 0.0 -0.20002000033855438 0.0 -m 1.0 0.0 0.0 0.0 0.0 1.0 0.0 0.0 0.0 0.0 1.0 0.0 0.0 0.0 0.0 1.0" --output-dir="/home/nisarg/prof_res/" --start-after-frames 1000 --limit-to-frames 100
/tools/nvidia/NVIDIA-Nsight-Graphics-2024.2/host/linux-desktop-nomad-x64/ngfx --activity="GPU Trace Profiler" --exe=/home/nisarg/projects/vulkan_prof/vkgs/build/vkgs_viewer --args="-i /home/nisarg/data/trex/point_cloud/iteration_30000/point_cloud.ply -v 0.9761326313018799 -0.21717511117458344 -2.7691247073136083e-09 6.1279914476131125e-09 0.0988943874835968 0.44449862837791443 0.8903038501739502 2.861614945004476e-08 -0.1933518499135971 -0.8690546751022339 0.45536696910858154 -50.0 0.0 0.0 0.0 1.0 -p 2.34375 0.0 0.0 0.0 0.0 4.166666507720947 0.0 0.0 0.0 0.0 -1.0002000331878662 -1.0 0.0 0.0 -0.20002000033855438 0.0 -m 1.0 0.0 0.0 0.0 0.0 1.0 0.0 0.0 0.0 0.0 1.0 0.0 0.0 0.0 0.0 1.0" --output-dir="/home/nisarg/prof_res/" --start-after-frames 1000 --limit-to-frames 100
/tools/nvidia/NVIDIA-Nsight-Graphics-2024.2/host/linux-desktop-nomad-x64/ngfx --activity="GPU Trace Profiler" --exe=/home/nisarg/projects/vulkan_prof/vkgs/build/vkgs_viewer --args="-i /home/nisarg/data/trex/point_cloud/iteration_30000/point_cloud.ply -v -0.8685529232025146 -0.4955962896347046 -3.069656084875305e-09 5.548478725359018e-07 0.4715723991394043 -0.8264500498771667 0.3075706958770752 6.475105465142406e-07 -0.15243099629878998 0.26714158058166504 0.9515251517295837 -49.999996185302734 0.0 0.0 0.0 1.0 -p 2.34375 0.0 0.0 0.0 0.0 4.166666507720947 0.0 0.0 0.0 0.0 -1.0002000331878662 -1.0 0.0 0.0 -0.20002000033855438 0.0 -m 1.0 0.0 0.0 0.0 0.0 1.0 0.0 0.0 0.0 0.0 1.0 0.0 0.0 0.0 0.0 1.0" --output-dir="/home/nisarg/prof_res/" --start-after-frames 1000 --limit-to-frames 100
/tools/nvidia/NVIDIA-Nsight-Graphics-2024.2/host/linux-desktop-nomad-x64/ngfx --activity="GPU Trace Profiler" --exe=/home/nisarg/projects/vulkan_prof/vkgs/build/vkgs_viewer --args="-i /home/nisarg/data/trex/point_cloud/iteration_30000/point_cloud.ply -v 0.7323104739189148 0.6809709072113037 -1.2616023781220065e-09 -7.595872375532053e-07 0.17322804033756256 -0.1862879991531372 0.9671033620834351 -7.66711195865355e-07 0.6585692167282104 -0.7082198858261108 -0.25438392162323 -50.000003814697266 0.0 0.0 0.0 1.0 -p 2.34375 0.0 0.0 0.0 0.0 4.166666507720947 0.0 0.0 0.0 0.0 -1.0002000331878662 -1.0 0.0 0.0 -0.20002000033855438 0.0 -m 1.0 0.0 0.0 0.0 0.0 1.0 0.0 0.0 0.0 0.0 1.0 0.0 0.0 0.0 0.0 1.0" --output-dir="/home/nisarg/prof_res/" --start-after-frames 1000 --limit-to-frames 100
/tools/nvidia/NVIDIA-Nsight-Graphics-2024.2/host/linux-desktop-nomad-x64/ngfx --activity="GPU Trace Profiler" --exe=/home/nisarg/projects/vulkan_prof/vkgs/build/vkgs_viewer --args="-i /home/nisarg/data/trex/point_cloud/iteration_30000/point_cloud.ply -v -0.9968161582946777 0.07973311096429825 1.4472899267925499e-10 -3.2129044313933264e-08 -0.019019845873117447 -0.23778440058231354 0.9711317420005798 -1.9035702791825315e-07 0.07743135839700699 0.9680398106575012 0.23854383826255798 -49.999996185302734 0.0 0.0 0.0 1.0 -p 2.34375 0.0 0.0 0.0 0.0 4.166666507720947 0.0 0.0 0.0 0.0 -1.0002000331878662 -1.0 0.0 0.0 -0.20002000033855438 0.0 -m 1.0 0.0 0.0 0.0 0.0 1.0 0.0 0.0 0.0 0.0 1.0 0.0 0.0 0.0 0.0 1.0" --output-dir="/home/nisarg/prof_res/" --start-after-frames 1000 --limit-to-frames 100
/tools/nvidia/NVIDIA-Nsight-Graphics-2024.2/host/linux-desktop-nomad-x64/ngfx --activity="GPU Trace Profiler" --exe=/home/nisarg/projects/vulkan_prof/vkgs/build/vkgs_viewer --args="-i /home/nisarg/data/trex/point_cloud/iteration_30000/point_cloud.ply -v 0.48585599660873413 -0.8740387558937073 3.4678500071549934e-09 1.6793386237168306e-07 -0.680791974067688 -0.378434956073761 0.6271438598632812 4.583340000863245e-07 -0.5481480956077576 -0.3047015964984894 -0.7789034843444824 -50.0 0.0 0.0 0.0 1.0 -p 2.34375 0.0 0.0 0.0 0.0 4.166666507720947 0.0 0.0 0.0 0.0 -1.0002000331878662 -1.0 0.0 0.0 -0.20002000033855438 0.0 -m 1.0 0.0 0.0 0.0 0.0 1.0 0.0 0.0 0.0 0.0 1.0 0.0 0.0 0.0 0.0 1.0" --output-dir="/home/nisarg/prof_res/" --start-after-frames 1000 --limit-to-frames 100
/tools/nvidia/NVIDIA-Nsight-Graphics-2024.2/host/linux-desktop-nomad-x64/ngfx --activity="GPU Trace Profiler" --exe=/home/nisarg/projects/vulkan_prof/vkgs/build/vkgs_viewer --args="-i /home/nisarg/data/trex/point_cloud/iteration_30000/point_cloud.ply -v -0.8957312703132629 -0.4445958137512207 -5.013450987689794e-09 7.443380809490918e-07 0.3531360924243927 -0.7114665508270264 0.607544481754303 4.073661727943545e-07 -0.27011173963546753 0.544196605682373 0.7942856550216675 -50.0 0.0 0.0 0.0 1.0 -p 2.34375 0.0 0.0 0.0 0.0 4.166666507720947 0.0 0.0 0.0 0.0 -1.0002000331878662 -1.0 0.0 0.0 -0.20002000033855438 0.0 -m 1.0 0.0 0.0 0.0 0.0 1.0 0.0 0.0 0.0 0.0 1.0 0.0 0.0 0.0 0.0 1.0" --output-dir="/home/nisarg/prof_res/" --start-after-frames 1000 --limit-to-frames 100
/tools/nvidia/NVIDIA-Nsight-Graphics-2024.2/host/linux-desktop-nomad-x64/ngfx --activity="GPU Trace Profiler" --exe=/home/nisarg/projects/vulkan_prof/vkgs/build/vkgs_viewer --args="-i /home/nisarg/data/trex/point_cloud/iteration_30000/point_cloud.ply -v -0.7305040955543518 -0.6829082369804382 -1.4756772692692266e-08 -3.019531220616045e-07 -0.5831766128540039 0.623821496963501 0.5203380584716797 1.4709842233173731e-08 -0.35534313321113586 0.380109041929245 -0.8539604544639587 -50.0 0.0 0.0 0.0 1.0 -p 2.34375 0.0 0.0 0.0 0.0 4.166666507720947 0.0 0.0 0.0 0.0 -1.0002000331878662 -1.0 0.0 0.0 -0.20002000033855438 0.0 -m 1.0 0.0 0.0 0.0 0.0 1.0 0.0 0.0 0.0 0.0 1.0 0.0 0.0 0.0 0.0 1.0" --output-dir="/home/nisarg/prof_res/" --start-after-frames 1000 --limit-to-frames 100
/tools/nvidia/NVIDIA-Nsight-Graphics-2024.2/host/linux-desktop-nomad-x64/ngfx --activity="GPU Trace Profiler" --exe=/home/nisarg/projects/vulkan_prof/vkgs/build/vkgs_viewer --args="-i /home/nisarg/data/trex/point_cloud/iteration_30000/point_cloud.ply -v 0.9250683784484863 0.3798004388809204 -1.379866665374152e-09 -8.230381354223937e-07 -0.30306628346443176 0.7381693720817566 0.6027078032493591 -6.347318048938178e-07 0.2289087027311325 -0.5575460195541382 0.797961950302124 -50.0 0.0 0.0 0.0 1.0 -p 2.34375 0.0 0.0 0.0 0.0 4.166666507720947 0.0 0.0 0.0 0.0 -1.0002000331878662 -1.0 0.0 0.0 -0.20002000033855438 0.0 -m 1.0 0.0 0.0 0.0 0.0 1.0 0.0 0.0 0.0 0.0 1.0 0.0 0.0 0.0 0.0 1.0" --output-dir="/home/nisarg/prof_res/" --start-after-frames 1000 --limit-to-frames 100
/tools/nvidia/NVIDIA-Nsight-Graphics-2024.2/host/linux-desktop-nomad-x64/ngfx --activity="GPU Trace Profiler" --exe=/home/nisarg/projects/vulkan_prof/vkgs/build/vkgs_viewer --args="-i /home/nisarg/data/trex/point_cloud/iteration_30000/point_cloud.ply -v 0.24679918587207794 0.9690666794776917 6.257936391307339e-10 1.117395242999919e-07 -0.6529317498207092 0.16628682613372803 0.7389375567436218 7.755382398499933e-07 0.7160797715187073 -0.1823691874742508 0.6737738847732544 -50.0 0.0 0.0 0.0 1.0 -p 2.34375 0.0 0.0 0.0 0.0 4.166666507720947 0.0 0.0 0.0 0.0 -1.0002000331878662 -1.0 0.0 0.0 -0.20002000033855438 0.0 -m 1.0 0.0 0.0 0.0 0.0 1.0 0.0 0.0 0.0 0.0 1.0 0.0 0.0 0.0 0.0 1.0" --output-dir="/home/nisarg/prof_res/" --start-after-frames 1000 --limit-to-frames 100
/tools/nvidia/NVIDIA-Nsight-Graphics-2024.2/host/linux-desktop-nomad-x64/ngfx --activity="GPU Trace Profiler" --exe=/home/nisarg/projects/vulkan_prof/vkgs/build/vkgs_viewer --args="-i /home/nisarg/data/trex/point_cloud/iteration_30000/point_cloud.ply -v 0.013130951672792435 0.9999136924743652 -4.383973392640961e-11 5.439670242024519e-11 -0.9838347434997559 0.012919802218675613 0.17861191928386688 -1.5668736352836277e-07 0.1785963922739029 -0.0023453431203961372 0.9839196801185608 -50.000003814697266 0.0 0.0 0.0 1.0 -p 2.34375 0.0 0.0 0.0 0.0 4.166666507720947 0.0 0.0 0.0 0.0 -1.0002000331878662 -1.0 0.0 0.0 -0.20002000033855438 0.0 -m 1.0 0.0 0.0 0.0 0.0 1.0 0.0 0.0 0.0 0.0 1.0 0.0 0.0 0.0 0.0 1.0" --output-dir="/home/nisarg/prof_res/" --start-after-frames 1000 --limit-to-frames 100
/tools/nvidia/NVIDIA-Nsight-Graphics-2024.2/host/linux-desktop-nomad-x64/ngfx --activity="GPU Trace Profiler" --exe=/home/nisarg/projects/vulkan_prof/vkgs/build/vkgs_viewer --args="-i /home/nisarg/data/trex/point_cloud/iteration_30000/point_cloud.ply -v -0.9643366932868958 0.26467859745025635 -3.796915670761791e-09 -2.983390743338532e-07 0.24741803109645844 0.9014490246772766 0.3552095592021942 -8.787745287008875e-07 0.09401639550924301 0.3425416350364685 -0.9347866773605347 -50.0 0.0 0.0 0.0 1.0 -p 2.34375 0.0 0.0 0.0 0.0 4.166666507720947 0.0 0.0 0.0 0.0 -1.0002000331878662 -1.0 0.0 0.0 -0.20002000033855438 0.0 -m 1.0 0.0 0.0 0.0 0.0 1.0 0.0 0.0 0.0 0.0 1.0 0.0 0.0 0.0 0.0 1.0" --output-dir="/home/nisarg/prof_res/" --start-after-frames 1000 --limit-to-frames 100
/tools/nvidia/NVIDIA-Nsight-Graphics-2024.2/host/linux-desktop-nomad-x64/ngfx --activity="GPU Trace Profiler" --exe=/home/nisarg/projects/vulkan_prof/vkgs/build/vkgs_viewer --args="-i /home/nisarg/data/trex/point_cloud/iteration_30000/point_cloud.ply -v -0.9996768832206726 -0.02541540004312992 -1.18673137983194e-09 1.3381872498996472e-08 -0.013789395801723003 0.5423852801322937 0.8400167226791382 1.2401945923556923e-06 -0.021349363029003143 0.8397453427314758 -0.5425604581832886 -49.999996185302734 0.0 0.0 0.0 1.0 -p 2.34375 0.0 0.0 0.0 0.0 4.166666507720947 0.0 0.0 0.0 0.0 -1.0002000331878662 -1.0 0.0 0.0 -0.20002000033855438 0.0 -m 1.0 0.0 0.0 0.0 0.0 1.0 0.0 0.0 0.0 0.0 1.0 0.0 0.0 0.0 0.0 1.0" --output-dir="/home/nisarg/prof_res/" --start-after-frames 1000 --limit-to-frames 100
/tools/nvidia/NVIDIA-Nsight-Graphics-2024.2/host/linux-desktop-nomad-x64/ngfx --activity="GPU Trace Profiler" --exe=/home/nisarg/projects/vulkan_prof/vkgs/build/vkgs_viewer --args="-i /home/nisarg/data/trex/point_cloud/iteration_30000/point_cloud.ply -v 0.43274691700935364 0.9015154242515564 1.3882871519044215e-09 -9.071617910194618e-07 -0.09977363795042038 0.04789350554347038 0.9938568472862244 1.0543395490003604e-07 0.8959773778915405 -0.4300885498523712 0.11067325621843338 -50.00000762939453 0.0 0.0 0.0 1.0 -p 2.34375 0.0 0.0 0.0 0.0 4.166666507720947 0.0 0.0 0.0 0.0 -1.0002000331878662 -1.0 0.0 0.0 -0.20002000033855438 0.0 -m 1.0 0.0 0.0 0.0 0.0 1.0 0.0 0.0 0.0 0.0 1.0 0.0 0.0 0.0 0.0 1.0" --output-dir="/home/nisarg/prof_res/" --start-after-frames 1000 --limit-to-frames 100
/tools/nvidia/NVIDIA-Nsight-Graphics-2024.2/host/linux-desktop-nomad-x64/ngfx --activity="GPU Trace Profiler" --exe=/home/nisarg/projects/vulkan_prof/vkgs/build/vkgs_viewer --args="-i /home/nisarg/data/trex/point_cloud/iteration_30000/point_cloud.ply -v 0.9361796379089355 0.35152187943458557 3.377287061123724e-10 -4.4445476987675647e-07 -0.006139156874269247 0.016349919140338898 0.9998475313186646 1.029627272330913e-09 0.3514682650566101 -0.9360369443893433 0.01746451109647751 -50.000003814697266 0.0 0.0 0.0 1.0 -p 2.34375 0.0 0.0 0.0 0.0 4.166666507720947 0.0 0.0 0.0 0.0 -1.0002000331878662 -1.0 0.0 0.0 -0.20002000033855438 0.0 -m 1.0 0.0 0.0 0.0 0.0 1.0 0.0 0.0 0.0 0.0 1.0 0.0 0.0 0.0 0.0 1.0" --output-dir="/home/nisarg/prof_res/" --start-after-frames 1000 --limit-to-frames 100
/tools/nvidia/NVIDIA-Nsight-Graphics-2024.2/host/linux-desktop-nomad-x64/ngfx --activity="GPU Trace Profiler" --exe=/home/nisarg/projects/vulkan_prof/vkgs/build/vkgs_viewer --args="-i /home/nisarg/data/trex/point_cloud/iteration_30000/point_cloud.ply -v 0.9969488382339478 -0.07805778086185455 1.989121312107045e-09 -2.611894256432379e-09 0.023080967366695404 0.2947886288166046 0.9552837014198303 -4.569721738789667e-07 -0.07456733286380768 -0.9523690342903137 0.2956908345222473 -50.000003814697266 0.0 0.0 0.0 1.0 -p 2.34375 0.0 0.0 0.0 0.0 4.166666507720947 0.0 0.0 0.0 0.0 -1.0002000331878662 -1.0 0.0 0.0 -0.20002000033855438 0.0 -m 1.0 0.0 0.0 0.0 0.0 1.0 0.0 0.0 0.0 0.0 1.0 0.0 0.0 0.0 0.0 1.0" --output-dir="/home/nisarg/prof_res/" --start-after-frames 1000 --limit-to-frames 100
/tools/nvidia/NVIDIA-Nsight-Graphics-2024.2/host/linux-desktop-nomad-x64/ngfx --activity="GPU Trace Profiler" --exe=/home/nisarg/projects/vulkan_prof/vkgs/build/vkgs_viewer --args="-i /home/nisarg/data/trex/point_cloud/iteration_30000/point_cloud.ply -v 0.9496536254882812 -0.3133015036582947 6.920747530614335e-09 -1.3130066633948445e-07 0.27179521322250366 0.8238433003425598 0.4974028766155243 2.334151316674138e-09 -0.1558370441198349 -0.47236040234565735 0.867519736289978 -50.0 0.0 0.0 0.0 1.0 -p 2.34375 0.0 0.0 0.0 0.0 4.166666507720947 0.0 0.0 0.0 0.0 -1.0002000331878662 -1.0 0.0 0.0 -0.20002000033855438 0.0 -m 1.0 0.0 0.0 0.0 0.0 1.0 0.0 0.0 0.0 0.0 1.0 0.0 0.0 0.0 0.0 1.0" --output-dir="/home/nisarg/prof_res/" --start-after-frames 1000 --limit-to-frames 100
/tools/nvidia/NVIDIA-Nsight-Graphics-2024.2/host/linux-desktop-nomad-x64/ngfx --activity="GPU Trace Profiler" --exe=/home/nisarg/projects/vulkan_prof/vkgs/build/vkgs_viewer --args="-i /home/nisarg/data/trex/point_cloud/iteration_30000/point_cloud.ply -v 0.5052979588508606 0.8629449009895325 -1.7848406086429236e-09 -4.5920367597318545e-07 -0.7356524467468262 0.43076178431510925 0.5227425694465637 -2.4638976015012304e-07 0.4510979950428009 -0.2641407251358032 0.8524906039237976 -50.0 0.0 0.0 0.0 1.0 -p 2.34375 0.0 0.0 0.0 0.0 4.166666507720947 0.0 0.0 0.0 0.0 -1.0002000331878662 -1.0 0.0 0.0 -0.20002000033855438 0.0 -m 1.0 0.0 0.0 0.0 0.0 1.0 0.0 0.0 0.0 0.0 1.0 0.0 0.0 0.0 0.0 1.0" --output-dir="/home/nisarg/prof_res/" --start-after-frames 1000 --limit-to-frames 100
/tools/nvidia/NVIDIA-Nsight-Graphics-2024.2/host/linux-desktop-nomad-x64/ngfx --activity="GPU Trace Profiler" --exe=/home/nisarg/projects/vulkan_prof/vkgs/build/vkgs_viewer --args="-i /home/nisarg/data/trex/point_cloud/iteration_30000/point_cloud.ply -v -0.3442153334617615 -0.9388906955718994 3.1201419226078997e-10 1.2623387668497799e-08 0.9271135330200195 -0.33989760279655457 0.15789248049259186 -1.4888923871581028e-08 -0.14824391901493073 0.05434906855225563 0.9874563217163086 -50.000003814697266 0.0 0.0 0.0 1.0 -p 2.34375 0.0 0.0 0.0 0.0 4.166666507720947 0.0 0.0 0.0 0.0 -1.0002000331878662 -1.0 0.0 0.0 -0.20002000033855438 0.0 -m 1.0 0.0 0.0 0.0 0.0 1.0 0.0 0.0 0.0 0.0 1.0 0.0 0.0 0.0 0.0 1.0" --output-dir="/home/nisarg/prof_res/" --start-after-frames 1000 --limit-to-frames 100
/tools/nvidia/NVIDIA-Nsight-Graphics-2024.2/host/linux-desktop-nomad-x64/ngfx --activity="GPU Trace Profiler" --exe=/home/nisarg/projects/vulkan_prof/vkgs/build/vkgs_viewer --args="-i /home/nisarg/data/trex/point_cloud/iteration_30000/point_cloud.ply -v -0.8395235538482666 0.5433233380317688 1.2508911240161069e-08 7.647010846767444e-08 0.42760369181632996 0.660717785358429 0.6169335246086121 2.848146323231049e-07 0.3351943790912628 0.517930269241333 -0.7870152592658997 -50.0 0.0 0.0 0.0 1.0 -p 2.34375 0.0 0.0 0.0 0.0 4.166666507720947 0.0 0.0 0.0 0.0 -1.0002000331878662 -1.0 0.0 0.0 -0.20002000033855438 0.0 -m 1.0 0.0 0.0 0.0 0.0 1.0 0.0 0.0 0.0 0.0 1.0 0.0 0.0 0.0 0.0 1.0" --output-dir="/home/nisarg/prof_res/" --start-after-frames 1000 --limit-to-frames 100
